184
486
587
807
870
647
32
184
711
829
238
528
188
446
501
986
128
325
646
279
373
785
267
771
12
804
857
682
618
341
497
739
155
29
11
99
820
122
622
940
312
860
322
917
956
412
949
883
436
164
443
380
328
936
619
556
574
41
913
731
691
168
267
99
389
804
598
342
579
414
554
928
65
988
722
335
943
562
496
576
482
183
967
954
521
663
655
597
753
853
73
196
266
39
751
214
177
162
778
269
449
498
737
924
215
248
954
802
289
647
87
70
63
38
747
539
214
728
440
375
628
664
346
488
476
754
832
672
279
154
651
665
817
799
345
230
609
232
174
991
316
831
363
927
535
784
196
665
476
473
377
142
241
824
690
579
955
407
560
546
949
839
300
901
268
595
933
224
706
103
554
763
354
616
670
760
504
21
911
124
144
579
732
990
474
13
681
485
473
874
81
172
897
823
164
990
692
630
864
839
58
364
481
798
330
558
167
677
30
547
956
336
499
982
915
437
401
696
988
744
291
640
976
301
96
551
721
451
686
847
383
628
933
638
207
875
66
917
941
535
468
145
697
236
702
345
166
797
290
112
344
750
706
67
405
825
83
895
663
844
405
55
401
78
281
987
916
747
552
275
772
168
335
645
983
510
388
161
334
660
830
77
99
767
295
267
615
872
64
641
251
164
411
432
750
661
124
951
533
656
568
571
125
572
455
648
375
719
17
926
231
908
230
41
384
503
788
771
494
650
880
803
657
312
512
312
759
804
708
921
675
516
933
911
682
556
383
307
438
651
948
42
186
663
373
858
854
560
84
209
481
724
200
555
560
299
738
503
551
551
427
429
574
411
843
851
769
308
484
817
139
733
769
450
783
335
382
879
973
925
345
611
336
987
704
951
244
876
675
992
919
198
784
20
309
932
278
97
30
494
462
681
384
896
412
809
477
676
590
816
302
675
893
997
576
43
275
632
886
254
39
572
332
58
202
910
221
878
830
62
536
993
340
534
143
749
82
973
316
931
421
359
115
685
497
671
870
176
716
96
178
709
268
802
573
794
788
779
999
542
92
709
425
795
986
18
244
227
506
299
516
459
242
404
566
766
927
786
344
325
145
499
116
669
300
556
843
684
58
582
644
49
395
309
690
359
939
758
762
797
604
579
459
365
590
708
894
927
555
274
944
874
437
943
10
973
563
204
204
314
760
884
36
582
169
193
521
27
63
54
33
445
621
186
806
16
598
800
168
109
640
752
234
717
257
182
677
59
89
927
568
717
320
683
528
24
760
866
397
306
921
820
261
146
520
274
305
15
148
374
770
256
440
310
662
435
64
198
240
815
396
421
211
724
302
144
807
533
99
90
108
96
200
242
500
500
638
709
790
27
937
764
921
636
998
833
836
66
686
997
274
122
824
53
892
681
529
875
912
818
990
364
729
655
267
590
66
930
688
324
547
353
662
362
290
50
741
957
812
128
854
245
239
236
24
50
371
330
171
802
4
929
683
445
9
928
798
468
847
575
448
904
677
678
280
277
747
235
370
524
501
605
977
396
722
183
178
469
899
177
273
595
17
285
737
628
982
835
521
6
944
413
461
732
276
691
393
864
329
789
779
826
542
574
586
545
499
479
9
304
411
964
750
202
876
503
955
852
566
705
564
683
551
242
951
413
184
354
23
263
571
958
430
783
69
524
620
440
332
989
962
966
885
727
632
694
683
382
404
12
590
204
17
725
812
836
804
329
823
217
348
880
617
615
922
275
188
870
123
566
609
48
825
17
507
800
329
689
956
817
419
716
599
502
216
609
364
395
866
512
366
688
658
156
155
848
638
396
764
378
484
126
760
267
459
755
335
390
403
274
887
475
735
984
363
387
117
958
812
555
189
747
697
245
378
801
715
848
502
747
446
157
236
109
124
909
904
865
240
113
76
21
565
839
861
973
809
654
494
673
802
936
51
748
15
388
256
296
28
424
592
25
449
787
714
972
71
786
473
404
273
191
864
251
315
957
404
229
373
823
871
290
915
320
719
872
49
686
802
534
379
18
723
460
663
342
908
782
145
964
616
964
839
58
828
829
703
622
8
605
543
85
303
595
744
688
553
484
930
147
771
369
826
47
984
726
626
670
150
271
31
876
921
199
34
803
522
481
349
911
65
523
100
481
861
268
53
290
982
752
537
469
300
699
809
689
902
198
896
109
856
984
806
445
885
245
650
235
223
547
666
329
323
405
727
348
442
73
142
558
592
171
105
80
487
368
123
957
491
156
875
890
394
405
972
281
438
131
770
819
907
237
395
851
874
896
883
92
597
71
667
498
71
534
697
999
844
393
881
681
12
410
148
373
396
708
394
694
69
566
166
91
493
193
674
150
751
840
906
146
748
774
852
482
594
903
976
34
128
574
61
90
91
610
345
341
59
992
932
163
497
87
834
971
974
419
602
540
336
431
455
694
900
240
915
763
427
593
467
244
508
537
670
194
263
535
18
453
108
116
750
35
101
965
924
697
649
56
695
270
523
470
985
502
99
103
44
379
819
169
723
363
285
504
641
950
574
851
974
359
316
550
882
927
158
373
694
150
636
748
88
352
347
755
249
150
238
466
369
340
217
59
417
658
195
597
607
288
918
962
938
63
848
753
874
886
215
631
636
142
930
710
775
693
416
392
305
523
81
239
462
854
322
343
916
176
536
528
731
865
364
527
864
353
319
352
253
376
82
181
678
649
419
983
652
475
469
985
117
354
205
22
100
571
405
723
561
299
678
951
457
869
675
10
201
114
790
42
65
414
769
381
988
159
986
649
91
731
647
675
389
147
77
294
935
588
712
640
379
55
498
691
311
486
631
442
186
22
661
157
549
804
772
109
300
990
290
783
697
859
815
195
804
239
85
948
484
461
474
105
810
300
874
770
16
31
81
725
386
953
504
744
737
461
329
421
167
395
601
307
199
176
948
461
439
253
632
161
184
937
836
831
271
205
139
528
510
611
900
886
645
858
100
462
88
651
654
54
721
31
254
670
649
941
6
82
864
678
220
941
582
156
493
336
200
79
709
625
54
579
900
239
927
985
22
432
822
478
639
290
928
759
750
608
575
78
173
849
125
254
115
859
460
867
861
464
80
216
650
929
893
801
957
341
127
256
629
867
576
447
106
212
880
82
512
299
538
971
405
387
961
533
506
618
970
170
927
796
822
470
181
400
309
839
214
152
991
211
799
172
447
796
412
470
152
29
901
931
642
21
421
239
725
179
8
56
403
814
219
230
517
852
750
559
956
396
571
841
458
727
973
49
701
249
394
280
869
774
815
449
939
682
988
204
209
256
674
281
419
793
24
978
624
958
571
396
394
65
986
444
891
649
687
675
663
121
299
793
489
712
846
508
935
995
729
164
886
471
169
761
789
542
812
470
388
376
175
656
537
279
91
272
719
49
859
781
569
237
436
630
86
1
707
21
856
54
989
279
282
390
494
616
197
79
761
320
533
218
434
707
997
882
921
810
869
541
357
711
186
462
75
558
585
964
29
273
573
980
668
539
80
421
271
355
899
711
585
749
606
381
824
332
680
330
69
209
48
836
904
76
46
554
49
171
11
759
862
829
490
65
486
195
45
847
294
167
594
562
963
103
379
13
215
331
495
621
944
302
772
407
565
875
102
305
898
113
764
402
419
388
249
965
127
939
125
742
274
561
975
95
139
390
240
111
511
887
410
273
803
906
180
284
802
92
765
495
31
859
444
350
126
669
625
114
612
420
958
412
623
133
545
253
370
235
409
288
231
755
842
646
221
601
220
116
474
944
106
552
589
398
644
930
110
490
760
938
932
913
38
293
603
464
901
64
245
315
135
808
687
230
662
145
598
279
541
766
326
696
69
904
137
894
508
433
684
211
521
248
514
120
143
909
129
613
769
996
151
905
112
584
672
330
148
51
970
531
227
525
768
653
354
356
409
66
720
556
170
338
268
746
920
765
470
674
357
281
938
766
998
155
320
724
516
551
646
966
779
688
228
661
458
964
124
154
398
376
495
60
802
299
103
977
465
291
297
464
652
219
150
775
590
234
364
260
604
393
558
965
376
800
196
484
65
937
340
822
297
259
933
263
19
55
878
572
663
410
506
147
105
922
850
961
838
878
919
886
977
847
512
304
960
120
215
501
335
975
236
575
490
629
946
951
703
780
410
672
740
15
157
151
907
595
102
39
115
261
768
368
446
598
816
679
886
384
979
421
855
810
883
965
112
614
301
85
614
536
911
668
74
408
159
958
22
558
380
841
66
89
157
398
386
735
906
868
725
359
904
689
697
432
528
833
3
199
716
811
879
223
30
406
560
350
423
899
336
993
684
174
273
178
682
461
24
581
831
826
21
183
8
646
718
722
862
87
161
780
863
843
159
782
728
99
54
912
678
125
581
419
671
872
341
43
194
673
882
989
80
717
436
354
127
550
6
339
872
537
175
695
583
371
826
314
383
951
371
876
297
497
269
203
802
253
389
19
908
882
97
263
468
605
944
512
388
296
402
846
265
197
361
427
585
845
665
728
214
547
845
158
924
722
852
715
277
610
458
38
36
974
315
942
401
653
148
507
223
945
496
965
264
428
149
692
939
879
171
158
879
311
283
277
780
911
979
740
989
80
821
328
777
942
969
1
258
680
401
153
573
743
641
769
912
621
820
694
769
717
408
936
33
718
525
330
654
688
410
368
273
513
401
749
972
349
615
203
28
752
264
924
82
719
836
336
971
166
427
133
661
658
351
101
399
397
883
983
334
448
732
500
278
807
542
92
812
535
705
797
537
160
76
915
363
857
27
573
143
683
938
506
985
892
443
844
321
591
867
897
895
714
639
808
988
10
316
407
341
481
604
179
307
670
835
282
902
612
588
862
134
93
570
975
920
67
143
887
447
820
505
331
449
624
573
956
955
870
410
96
279
846
337
724
58
176
146
177
598
183
595
728
343
800
6
519
376
98
646
302
248
865
604
148
636
928
572
856
254
861
857
899
608
488
322
365
332
366
332
910
974
419
226
74
331
340
630
612
590
483
865
138
805
311
6
804
783
429
732
596
787
124
293
765
386
931
226
244
31
883
878
242
757
64
740
87
863
930
495
61
204
425
84
573
263
864
302
730
135
611
310
604
363
156
193
800
914
246
866
938
529
685
17
662
938
946
536
399
936
278
43
910
277
768
592
647
154
432
752
980
430
350
253
599
999
1000
376
483
102
744
389
105
672
813
1
968
331
195
685
238
459
75
682
826
696
591
757
886
47
392
896
222
616
845
424
363
907
195
96
886
9
746
405
109
39
906
554
759
892
394
599
898
60
408
523
15
167
815
229
403
226
488
334
746
882
990
994
632
890
610
910
201
163
152
99
594
158
139
925
604
600
366
60
989
695
124
938
589
619
915
734
81
360
116
778
827
69
592
999
541
907
909
251
840
768
749
647
774
616
786
642
33
643
298
675
648
148
178
682
468
426
644
230
214
869
304
560
681
590
512
171
82
22
302
276
351
745
910
673
431
597
237
843
363
576
237
760
128
15
901
691
35
504
401
393
424
725
114
395
635
252
391
222
561
226
64
612
844
820
904
915
501
967
506
163
356
3
9
973
846
516
291
113
880
139
359
480
230
732
57
290
20
81
13
348
830
34
490
956
400
248
39
39
162
861
938
855
665
675
108
178
585
155
119
521
455
861
591
16
174
74
175
600
505
309
100
911
697
304
37
828
41
636
450
21
902
982
873
396
534
709
511
234
666
186
77
740
292
477
2
420
175
632
187
191
600
414
14
901
416
330
380
950
897
369
662
251
507
892
385
591
754
302
790
736
875
726
56
309
807
144
907
759
584
570
128
984
147
605
440
825
600
141
517
566
16
710
626
228
487
73
816
538
299
293
426
742
725
423
187
883
76
993
577
779
369
128
106
500
17
784
873
611
415
174
968
147
944
514
791
805
697
865
56
540
20
767
231
928
530
325
318
324
784
583
655
230
214
6
700
338
499
666
351
286
294
956
232
300
666
277
361
673
513
954
645
619
639
801
338
427
732
761
840
822
362
387
865
831
934
762
989
791
13
282
492
644
971
500
929
654
709
739
439
930
658
994
525
771
959
253
656
242
101
343
103
570
77
812
560
2
972
154
921
776
739
345
767
808
252
612
742
103
697
678
373
645
150
397
868
497
625
623
948
844
567
979
49
367
955
118
566
44
874
126
866
23
489
828
627
40
355
113
500
837
440
790
487
92
266
600
954
297
857
468
693
240
306
803
87
464
633
326
214
636
152
179
94
229
965
623
95
373
886
321
232
303
621
967
233
513
147
110
649
61
522
644
346
536
314
173
274
338
892
478
229
565
36
796
591
489
957
935
201
236
519
329
566
42
609
426
370
316
721
277
472
768
396
920
150
564
780
97
835
718
870
155
469
569
950
623
162
349
92
621
427
8
293
613
659
792
399
628
996
49
614
624
571
293
897
159
572
444
949
392
983
547
340
743
565
34
899
587
109
147
676
790
201
774
591
97
469
231
585
956
198
129
712
991
598
772
888
128
157
147
258
821
59
610
697
804
400
363
805
993
396
713
45
26
274
0
699
366
23
844
431
197
195
985
366
257
630
993
840
901
477
326
543
822
960
774
251
944
981
344
537
729
916
431
76
105
992
904
766
545
820
315
0
108
100
436
995
701
882
950
868
207
288
498
668
895
615
117
219
494
187
543
138
197
372
24
93
435
392
579
953
934
667
221
86
570
511
986
406
633
110
883
855
333
63
311
817
823
317
832
266
836
38
176
319
515
248
412
245
295
138
752
595
602
600
926
795
280
879
117
753
886
30
687
704
990
762
532
24
601
221
543
50
525
603
700
360
630
521
851
763
648
436
252
201
668
967
232
549
241
948
671
715
45
396
68
965
80
368
507
773
793
942
341
321
298
108
53
511
464
954
98
296
131
999
275
670
177
313
632
365
15
7
981
17
922
407
576
64
365
192
273
906
319
492
393
763
765
591
298
117
954
210
197
943
707
267
586
552
918
703
795
446
296
874
132
840
492
108
439
438
244
655
232
478
701
229
721
841
745
212
196
814
853
10
943
706
27
660
303
181
588
650
184
183
279
764
518
747
763
471
233
160
813
269
829
753
440
149
802
968
465
638
596
366
274
490
949
533
817
109
900
826
540
964
839
171
108
862
782
760
814
682
942
277
145
342
680
548
763
702
58
47
589
620
926
54
397
693
702
117
240
654
822
321
319
159
169
938
731
84
519
768
93
481
746
646
394
414
130
264
56
799
239
803
255
846
446
942
476
231
728
675
120
687
676
83
775
844
40
182
282
313
485
963
164
528
5
150
69
530
156
959
324
919
640
643
578
853
73
136
248
626
81
714
731
532
382
412
618
967
606
317
52
548
326
904
455
147
946
631
277
11
625
964
283
272
499
9
632
560
813
34
496
238
16
292
530
821
211
381
562
973
294
86
467
747
745
239
211
940
590
197
695
143
44
190
712
790
402
678
994
621
672
374
729
848
502
558
228
70
396
495
937
858
643
470
289
229
863
575
577
634
442
714
21
774
124
924
358
762
284
351
418
393
401
425
223
469
133
141
248
493
849
646
864
255
39
899
540
2
220
369
3
994
485
517
591
366
936
21
327
577
581
761
583
531
156
592
542
85
374
842
201
314
629
991
210
426
102
235
592
661
67
673
182
773
466
237
541
757
862
925
894
560
872
435
629
642
408
468
845
660
738
865
906
298
466
758
174
585
259
361
197
890
993
482
456
478
239
737
928
807
777
81
760
384
782
683
438
126
56
505
395
542
779
934
427
620
423
880
39
997
95
144
9
423
417
110
205
935
29
790
223
857
671
839
612
576
40
340
13
745
11
793
971
37
367
609
705
293
462
279
8
822
421
228
959
161
984
357
918
496
993
99
405
206
189
970
375
845
423
533
255
662
907
285
238
965
826
842
180
521
526
494
343
748
75
471
750
900
754
197
678
184
680
913
108
224
75
392
177
8
971
536
994
954
620
416
376
806
369
440
599
335
234
825
409
982
734
655
59
369
969
526
533
300
254
863
39
206
61
262
951
451
887
448
618
795
305
831
480
484
637
434
476
173
566
876
771
393
582
429
818
160
102
863
612
762
226
84
936
163
567
166
382
38
460
96
102
240
315
889
948
64
568
631
105
835
684
694
892
519
168
967
547
190
509
866
532
363
919
155
335
552
499
554
862
386
346
805
682
137
533
134
829
332
532
727
20
229
655
282
573
284
701
384
706
729
940
348
674
829
842
1
9
866
928
587
101
370
216
843
391
102
945
874
212
494
11
825
717
921
905
799
438
165
981
612
537
154
771
663
62
914
600
613
560
768
91
237
408
841
532
126
64
933
160
326
915
951
477
162
802
123
256
324
581
442
327
702
631
771
431
809
863
554
937
802
990
261
756
779
770
403
86
526
50
392
933
996
559
908
989
349
122
586
342
397
796
986
118
136
377
389
874
472
444
157
806
530
295
228
506
462
214
711
735
477
710
192
22
819
925
543
633
350
780
593
453
629
40
212
383
845
900
294
215
567
832
607
766
220
191
135
64
874
676
551
714
884
244
888
254
54
187
767
714
196
572
408
121
962
218
188
783
778
758
845
804
405
529
362
566
352
779
251
496
746
78
242
841
157
827
337
714
561
180
892
293
331
664
902
176
262
990
116
320
397
646
823
39
563
454
554
572
983
561
700
491
735
180
689
809
225
805
342
565
297
381
205
314
938
666
546
128
349
898
899
878
498
760
924
510
882
35
560
962
90
49
676
441
433
347
321
365
501
210
508
45
728
880
422
850
620
374
204
272
914
311
816
441
452
99
226
55
696
681
600
904
20
231
921
408
403
654
248
477
293
801
25
189
862
47
616
110
743
47
994
996
808
291
589
980
835
532
938
470
610
927
883
114
130
390
299
51
501
481
852
116
389
32
537
953
608
483
589
899
595
161
437
994
912
777
556
875
676
718
268
158
441
881
680
439
129
323
356
686
802
221
849
562
244
451
7
845
108
825
364
840
84
869
268
755
830
114
611
878
755
522
135
998
688
879
384
289
66
208
592
795
787
779
893
177
309
772
986
767
720
953
965
146
798
330
530
848
950
867
574
194
481
19
344
736
277
26
694
688
542
892
50
730
71
972
489
937
777
584
474
634
922
961
98
400
175
189
746
679
22
140
337
767
698
480
379
101
578
77
54
206
603
514
640
910
303
349
372
18
284
76
159
102
648
699
793
256
384
673
270
631
19
873
959
74
731
51
40
972
714
99
739
14
913
254
95
256
704
19
115
386
177
72
211
566
228
140
986
574
113
168
688
619
95
66
273
970
354
379
738
383
267
443
533
604
949
522
524
91
472
767
376
354
560
678
164
103
724
85
750
786
692
560
735
758
256
682
780
151
572
793
308
104
109
404
360
1000
126
183
491
535
540
975
5
859
116
243
812
49
642
193
355
238
437
353
281
161
671
189
4
51
790
989
425
88
22
50
965
210
687
883
657
402
713
414
158
493
138
542
184
719
541
14
365
963
264
44
863
497
803
88
484
596
960
743
605
407
13
570
241
372
138
362
928
205
270
187
862
453
495
198
184
755
414
976
864
805
358
305
468
230
29
774
339
667
388
195
438
619
427
460
901
322
78
838
123
266
920
492
214
654
645
957
211
186
327
35
411
769
472
205
115
200
147
479
203
675
814
827
100
58
349
162
714
719
447
734
597
315
866
278
157
590
800
26
959
615
267
403
96
280
942
553
942
181
626
265
681
423
937
249
31
20
437
874
744
541
497
850
657
896
81
8
732
350
717
67
874
991
755
652
556
286
257
601
891
657
683
743
235
258
968
923
762
527
598
792
265
882
274
679
300
530
815
7
789
767
543
267
666
629
692
80
247
399
646
68
138
950
268
645
290
451
45
226
339
398
762
801
687
619
161
133
361
523
857
672
156
685
193
365
547
267
486
214
547
322
5
131
809
778
11
325
527
871
284
316
985
69
67
328
319
687
820
187
661
627
366
166
369
940
209
916
986
951
376
327
107
738
741
492
40
630
723
823
317
707
517
188
40
903
642
527
414
971
906
711
391
738
331
511
187
494
918
185
71
168
226
227
995
62
791
47
515
788
738
189
719
913
819
709
532
601
313
723
946
948
821
878
176
620
159
578
724
57
756
470
866
169
344
98
738
750
10
211
411
846
538
96
54
654
473
114
300
343
821
251
728
825
955
275
249
643
851
519
201
928
587
68
291
796
379
440
961
843
712
224
494
773
421
568
716
362
194
362
164
907
929
311
90
185
797
687
365
883
734
327
592
514
721
576
627
348
920
483
152
396
911
728
339
818
817
238
907
741
902
669
941
95
545
848
128
120
654
807
129
572
401
311
996
775
528
974
174
296
512
363
248
358
690
673
216
885
575
10
11
778
320
238
470
58
543
927
68
269
378
300
948
573
630
433
966
733
676
437
230
867
228
102
438
795
241
561
788
766
276
740
882
336
965
749
53
482
120
186
916
867
477
187
692
848
336
119
185
730
696
450
32
393
130
498
308
868
789
263
589
111
404
302
216
600
586
696
528
801
188
731
752
445
382
931
589
623
923
881
491
75
30
207
582
310
937
70
213
826
721
633
863
697
445
454
333
460
775
518
121
421
561
938
591
772
773
505
502
937
696
85
850
542
292
254
561
1
841
11
251
382
590
181
716
474
531
659
942
834
931
893
361
956
155
897
347
698
742
80
458
336
232
237
169
357
266
714
380
899
26
870
504
802
787
865
543
495
438
308
122
643
379
424
153
764
827
697
15
734
890
970
326
259
616
14
470
507
946
760
983
810
381
874
836
828
933
911
53
376
753
106
203
284
519
85
171
872
160
826
479
12
722
225
578
249
177
317
60
850
207
907
186
418
875
957
563
437
402
389
364
12
315
235
558
694
3
343
37
795
928
660
786
730
213
795
361
142
379
444
958
357
884
406
414
84
198
773
263
908
552
446
287
352
267
769
215
753
171
786
842
255
732
867
347
694
370
641
570
987
545
609
859
774
121
346
28
33
209
891
982
706
654
75
153
100
979
505
818
484
975
570
895
865
532
83
751
18
166
310
374
696
316
116
97
667
682
645
432
500
153
87
621
280
127
600
142
298
456
987
720
14
947
988
450
587
95
751
28
173
978
687
390
683
918
352
852
309
198
131
4
318
191
475
838
295
978
831
616
75
228
976
475
321
589
511
504
565
619
113
445
479
960
708
137
550
947
109
814
885
533
936
803
313
543
138
592
690
808
690
497
391
200
287
317
400
405
226
880
188
947
470
287
990
640
918
480
680
263
858
985
412
666
63
893
966
959
555
928
962
219
953
280
435
480
667
31
544
129
223
335
938
985
764
14
386
700
292
645
681
661
845
624
770
447
442
373
700
986
78
880
46
790
475
270
716
161
422
239
139
694
668
581
53
867
338
509
243
297
983
883
814
894
664
803
674
735
680
878
507
741
987
109
384
424
960
549
673
504
382
209
180
508
860
207
713
184
518
629
472
768
946
585
944
892
819
842
487
703
3
706
97
202
33
945
812
391
347
4
996
902
488
558
344
98
177
984
161
897
290
461
46
946
827
456
338
532
782
295
528
59
372
266
650
552
748
941
836
12
647
177
900
321
630
919
883
43
778
594
119
447
38
592
416
446
294
3
129
316
477
313
584
110
704
47
827
424
330
205
164
969
33
437
101
957
895
299
981
792
465
259
112
864
226
700
150
160
960
855
930
24
251
184
20
929
308
353
937
280
95
122
877
700
42
353
998
899
208
408
719
183
61
703
197
989
257
322
985
135
840
458
159
834
985
333
975
771
843
276
770
95
505
291
633
602
826
320
274
804
679
993
821
374
360
599
662
993
178
317
996
519
863
772
631
11
77
855
865
779
863
168
703
406
211
242
462
879
556
792
469
763
795
111
36
608
100
765
591
601
564
551
413
143
218
588
193
630
357
960
594
362
673
620
491
650
34
423
203
473
4
599
616
561
546
138
318
82
221
368
712
109
881
900
571
545
566
235
491
982
778
869
699
8
189
27
967
87
881
883
279
224
701
859
947
190
37
225
133
838
329
49
524
96
517
637
945
281
254
740
414
81
415
427
953
389
330
637
303
774
862
857
99
936
520
348
379
102
664
45
452
64
507
122
238
182
426
586
576
835
385
458
744
371
811
668
615
8
605
692
179
131
908
53
47
778
895
759
714
940
128
98
659
715
842
429
719
520
333
598
603
711
361
281
86
569
471
337
954
429
638
46
99
539
428
267
491
979
593
238
60
304
710
26
519
103
922
682
576
394
262
78
396
696
427
654
690
436
98
776
148
900
844
859
814
116
139
217
23
978
429
950
330
269
981
691
122
816
319
580
103
257
811
423
1000
493
694
124
825
168
953
751
417
27
517
248
217
73
383
84
270
924
913
207
531
824
809
978
804
120
415
755
250
514
472
832
956
919
549
132
902
29
462
271
621
379
423
406
715
57
146
793
54
408
388
986
156
545
223
418
708
457
748
372
292
695
469
603
627
389
445
701
813
779
479
8
199
326
154
531
277
882
355
599
634
41
683
856
629
271
953
497
620
957
521
832
827
754
358
468
5
10
560
17
648
517
790
376
808
944
968
106
740
337
177
477
913
197
595
13
267
257
293
328
11
629
476
160
289
29
984
994
609
714
102
737
889
283
763
987
96
14
797
872
484
885
489
949
934
440
798
941
949
326
466
40
756
998
3
580
232
179
64
124
797
183
596
387
57
726
25
35
438
978
804
39
792
880
225
264
837
669
880
693
514
950
498
762
768
583
411
625
202
698
850
629
708
770
339
624
879
56
610
884
263
747
482
515
228
145
587
741
202
937
515
291
340
161
421
607
944
635
994
557
263
3
938
118
663
697
540
669
864
695
704
432
197
430
831
840
110
168
829
243
578
907
330
131
625
535
706
563
820
296
538
179
1
624
312
688
186
316
834
695
80
344
172
556
659
967
169
986
147
608
202
546
595
39
378
737
567
882
330
444
811
362
227
948
296
704
239
988
211
325
616
880
848
668
185
651
258
202
92
885
255
195
96
328
257
350
916
936
911
446
748
321
529
830
21
175
860
937
212
31
407
703
912
207
269
440
955
766
67
545
435
364
923
58
459
581
764
927
185
987
480
956
542
988
402
230
684
434
939
835
720
484
94
932
373
809
8
474
861
817
113
20
149
614
654
440
800
723
802
991
100
646
809
720
273
375
477
981
105
559
878
316
519
857
515
770
229
670
484
625
51
418
513
265
401
812
668
376
806
713
47
123
0
721
909
903
742
652
468
56
174
886
348
849
69
397
638
188
562
243
94
728
674
311
115
447
444
224
739
393
303
407
649
249
911
851
549
538
803
289
360
110
160
656
59
35
670
47
353
348
627
565
780
250
497
718
706
648
171
15
638
506
538
782
482
171
874
88
471
881
935
344
891
699
705
658
819
465
481
109
127
673
309
682
134
552
345
677
733
765
19
68
926
45
220
823
350
815
697
105
405
59
289
74
41
450
619
27
441
190
160
124
9
313
487
20
971
624
551
58
716
284
510
559
294
366
5
659
830
493
331
230
498
666
271
688
608
542
299
218
163
153
870
923
426
83
537
305
146
763
524
401
782
279
692
254
483
637
388
830
277
184
314
573
252
19
927
547
219
296
804
360
429
704
183
134
709
682
913
787
844
843
465
448
101
211
625
782
229
264
820
110
734
808
934
803
968
35
263
680
114
987
233
89
449
928
487
223
83
306
272
439
291
777
852
55
880
448
904
988
836
853
416
933
926
94
19
935
106
42
275
22
282
489
117
318
376
981
791
541
983
455
257
529
432
52
42
249
79
966
771
479
193
581
31
51
582
767
339
540
486
358
342
593
415
239
5
817
55
756
856
945
528
534
902
611
323
856
639
869
422
716
544
69
202
779
523
768
383
197
11
566
421
375
559
945
466
31
307
106
923
161
280
196
314
866
444
766
892
484
998
922
476
735
714
439
219
429
983
264
280
356
101
855
422
838
426
876
213
140
694
630
582
544
945
128
206
622
905
513
259
794
871
207
49
411
355
814
687
843
656
359
672
693
442
896
582
400
966
209
526
274
213
540
356
315
823
17
985
855
546
39
880
83
932
320
337
784
908
543
79
231
189
598
75
134
518
661
44
407
813
447
245
287
63
962
724
921
139
475
692
440
144
183
160
641
632
934
854
599
444
936
140
196
809
667
313
429
245
857
448
203
439
149
889
942
580
147
763
437
83
375
936
749
246
187
292
216
193
498
114
860
794
963
224
769
689
543
77
332
459
660
767
257
842
838
491
470
604
381
200
766
241
838
351
750
842
284
379
567
657
546
292
208
209
730
59
191
467
787
828
439
922
81
627
501
922
849
757
955
780
9
710
367
276
73
355
133
479
418
72
249
416
68
594
827
844
738
623
195
410
816
914
313
409
423
255
599
605
844
485
276
682
293
894
914
237
865
268
689
947
796
495
903
450
932
989
374
10
57
952
673
533
473
421
866
380
623
315
452
37
799
824
325
267
53
812
86
310
106
362
395
213
13
842
460
831
789
179
66
932
4
471
864
635
709
520
380
17
831
571
642
460
769
87
412
366
524
156
250
227
636
532
198
482
677
182
776
596
380
373
358
486
516
594
958
314
847
994
369
859
420
108
134
845
741
31
752
748
868
856
171
899
772
191
675
116
728
748
908
29
787
808
891
550
463
636
978
785
375
118
905
177
849
880
621
590
660
480
120
647
333
345
466
266
992
867
567
742
289
533
220
626
939
378
72
484
181
265
67
376
243
198
225
275
319
270
457
763
130
578
363
368
459
923
570
321
526
211
599
468
899
664
431
584
966
31
366
358
963
502
808
259
632
892
642
288
772
213
401
151
198
542
683
318
797
251
944
517
116
981
605
64
679
597
810
662
222
596
16
517
188
57
364
147
469
972
949
400
519
139
135
448
714
993
939
386
385
23
544
660
197
532
735
325
726
91
39
621
249
32
813
607
964
863
419
531
733
895
491
913
714
640
831
915
786
272
709
113
609
757
204
830
492
522
458
338
955
568
523
426
358
708
771
501
454
763
45
651
678
669
924
305
642
517
237
938
512
804
652
452
982
438
559
645
118
997
658
243
27
496
916
886
702
2
921
323
561
478
878
817
669
159
644
561
98
469
743
359
30
827
742
185
25
856
942
805
333
663
322
761
106
41
294
157
667
318
342
406
149
497
96
404
182
495
744
735
561
866
398
522
807
268
916
815
13
68
576
475
51
758
976
806
583
687
919
867
823
20
988
163
252
603
70
574
87
457
385
131
983
397
78
626
556
110
895
94
463
636
976
666
60
773
404
912
655
54
779
42
734
386
583
944
404
321
445
781
922
257
121
145
582
695
531
467
211
981
477
223
67
613
333
919
572
930
852
919
122
126
511
15
723
364
10
331
304
230
584
136
626
970
827
439
354
175
35
900
32
286
585
337
638
970
102
369
239
917
563
632
856
548
732
607
314
805
632
301
330
847
16
128
460
9
832
994
602
321
726
250
624
67
11
557
30
924
114
728
866
720
229
35
761
969
185
241
749
298
423
73
500
298
707
158
931
379
810
191
743
475
854
357
344
797
142
313
233
810
413
650
973
50
926
571
741
217
490
297
575
957
106
985
222
466
774
112
728
545
781
609
233
871
356
317
184
278
27
848
356
432
575
401
301
231
902
22
694
169
163
113
429
311
943
839
603
208
746
991
126
749
16
159
506
600
975
24
947
555
832
763
510
271
783
105
223
611
627
228
912
676
437
591
307
2
311
989
956
937
773
209
752
293
196
884
11
109
187
22
458
703
369
966
722
39
179
69
615
835
833
319
661
532
83
946
1
954
553
303
313
261
526
573
394
736
506
985
732
414
16
228
340
834
593
444
459
937
12
437
444
633
941
679
488
153
33
554
874
900
870
435
852
496
150
484
154
810
999
934
947
742
471
368
207
346
100
880
119
888
104
360
726
592
241
38
911
586
539
191
73
6
63
639
112
284
488
648
116
904
182
337
389
809
793
358
539
928
455
761
894
274
848
925
494
863
882
57
215
64
91
162
179
151
513
515
151
953
79
280
468
412
880
631
433
607
223
798
490
481
196
551
350
514
438
687
295
22
567
125
425
913
691
488
930
93
877
72
370
740
720
430
109
283
255
91
465
237
271
821
460
382
67
990
878
950
698
645
750
356
595
804
165
438
676
920
238
409
966
409
554
144
344
817
966
1
112
808
948
77
731
221
216
589
16
219
242
281
267
794
442
623
784
735
725
256
10
799
771
747
69
695
899
811
620
316
532
912
442
827
59
257
894
23
799
418
272
257
672
466
3
75
58
505
531
616
707
483
92
270
939
360
631
521
531
555
994
234
239
320
233
50
453
732
908
268
90
398
310
3
653
329
588
697
319
610
671
154
852
650
455
465
831
758
569
145
690
129
746
394
475
317
519
857
361
497
682
456
363
444
893
472
666
840
965
865
930
497
748
600
214
410
696
98
19
537
376
782
371
819
502
133
726
185
345
914
679
400
913
671
788
717
705
463
466
978
132
786
466
350
555
344
934
162
222
882
208
10
322
558
217
935
808
587
40
768
334
344
859
97
884
362
733
560
986
893
938
109
813
184
662
50
205
912
532
457
595
766
396
657
840
589
946
142
578
30
47
290
34
956
317
553
993
807
744
342
625
725
299
503
701
77
342
566
398
470
948
308
503
569
136
521
463
493
98
10
825
27
941
458
484
351
878
190
711
398
639
323
857
749
198
957
825
887
850
256
531
860
282
475
721
875
342
226
854
828
192
236
762
887
159
138
958
628
404
384
407
801
633
976
522
674
697
847
164
972
734
714
16
905
987
242
8
139
858
74
776
425
863
624
848
443
810
261
523
947
713
217
436
744
739
296
548
1000
736
473
31
268
645
229
722
554
834
163
261
594
397
879
580
716
206
699
289
566
458
550
998
597
455
886
455
644
66
989
139
927
413
428
678
618
572
538
630
723
999
895
428
188
581
293
187
55
873
204
452
385
567
574
230
419
659
186
893
956
967
4
681
312
972
977
642
773
374
738
723
468
532
547
248
61
496
107
162
945
768
270
500
723
224
622
708
391
610
317
565
984
435
117
719
609
173
975
771
559
331
972
842
311
122
364
437
927
74
459
340
160
908
199
410
101
446
162
540
976
126
731
352
79
668
226
628
940
22
593
282
878
615
749
51
572
884
322
964
322
17
828
101
504
877
256
18
903
621
51
779
150
577
983
393
723
572
912
305
127
55
365
418
691
360
4
659
291
873
955
115
856
141
498
415
856
850
998
988
237
497
19
703
451
383
50
346
810
297
679
209
271
988
262
362
909
803
750
866
241
311
858
840
478
786
922
624
579
14
954
379
35
574
937
632
101
975
319
294
31
44
759
775
664
24
247
179
928
226
309
880
640
638
694
168
572
220
634
536
66
813
222
961
654
324
599
397
750
186
134
269
783
702
762
168
878
610
227
233
700
187
781
290
489
572
320
926
560
695
900
766
907
254
456
176
144
640
999
575
715
172
319
841
724
399
419
761
833
285
470
746
61
472
717
739
168
953
42
113
871
806
968
573
944
237
378
479
487
146
757
626
900
633
371
674
812
819
538
311
231
815
200
974
525
815
386
192
787
671
868
218
47
713
72
940
721
636
882
295
337
226
252
129
951
166
979
599
765
746
426
781
486
612
495
105
494
726
562
236
877
41
105
419
658
435
936
403
702
758
355
418
14
578
568
543
751
716
695
153
280
185
500
855
254
928
228
426
602
748
683
449
300
605
919
868
267
125
824
972
965
525
672
138
865
729
41
36
530
933
88
986
752
923
975
637
895
938
159
249
532
587
573
818
735
716
938
274
73
236
60
673
15
728
562
365
290
704
168
438
539
311
440
434
138
981
779
295
419
835
855
969
543
937
159
483
461
759
897
622
860
592
140
199
884
841
216
268
371
93
677
250
593
313
805
576
703
756
357
643
18
613
945
0
171
761
13
491
505
394
133
359
894
668
190
190
457
48
713
990
234
331
476
293
398
5
981
340
336
921
145
361
357
542
297
643
320
40
893
119
573
325
241
475
662
907
566
234
959
841
384
193
43
441
17
876
151
552
441
29
164
677
202
247
623
202
11
365
705
315
162
979
769
651
198
183
392
739
125
181
193
222
388
658
184
991
27
120
131
216
176
764
705
336
850
68
438
36
182
13
63
481
941
35
879
619
125
38
45
793
750
219
601
39
546
769
114
525
855
236
327
233
792
456
327
181
691
707
653
795
347
500
153
250
515
141
838
433
333
909
405
655
368
328
908
745
900
909
534
534
177
804
346
4
693
866
423
602
163
407
736
639
666
455
779
508
333
502
83
71
649
337
238
653
785
52
94
750
717
851
56
34
942
582
146
8
426
506
290
332
456
29
447
163
739
261
596
687
495
479
758
183
133
906
991
960
882
517
511
585
706
816
528
215
698
347
58
435
108
937
929
112
279
849
707
503
977
497
969
282
640
448
48
438
420
809
649
198
590
224
961
190
1000
199
633
368
331
146
811
259
207
949
497
245
345
132
666
352
481
995
9
723
369
747
206
785
420
337
978
493
565
997
324
719
352
952
54
587
300
969
607
565
491
202
863
751
526
935
417
181
792
720
378
78
190
151
388
58
15
750
912
241
450
177
360
667
733
452
502
556
152
117
464
661
50
950
94
898
759
288
649
262
471
615
142
777
37
160
980
696
445
490
395
113
580
197
339
75
326
851
222
58
475
242
207
549
211
527
927
921
871
949
128
231
77
984
500
963
281
220
515
96
424
596
101
105
827
834
148
715
783
54
815
586
713
930
687
277
98
286
56
390
30
757
491
117
717
610
813
960
677
803
885
565
945
482
880
921
188
104
113
727
944
523
809
758
984
860
712
702
151
258
885
24
935
500
41
150
856
770
366
982
927
148
596
938
235
598
256
993
804
629
278
234
96
523
550
481
154
238
246
982
979
28
103
320
334
822
230
394
479
810
149
24
134
498
451
513
918
7
275
711
110
470
93
628
188
140
786
331
526
575
458
140
224
182
831
481
380
511
349
237
805
680
994
541
425
512
739
66
344
883
546
219
315
788
324
198
891
380
588
651
825
646
66
687
904
186
794
899
430
288
26
881
754
670
718
320
903
299
145
424
358
413
593
258
576
80
522
335
713
54
997
699
936
63
642
745
963
974
207
411
714
37
812
423
207
475
359
418
712
832
586
914
172
287
580
228
58
540
189
502
273
279
598
408
118
397
671
37
749
388
847
65
801
610
126
484
472
810
305
220
694
887
343
939
478
46
721
30
472
628
597
131
723
845
45
294
812
714
587
737
913
797
231
804
988
613
704
809
39
453
749
308
117
555
355
871
255
757
134
11
818
3
348
99
156
515
55
281
333
259
248
683
243
967
280
328
669
890
887
668
48
499
928
942
722
541
62
427
1
478
934
874
879
588
24
615
585
392
372
449
736
865
65
520
928
974
171
363
818
580
124
167
87
481
279
365
425
752
82
841
475
544
749
39
959
959
168
111
558
549
366
818
125
520
840
385
120
925
174
667
820
34
736
239
906
330
997
851
604
376
363
185
910
529
551
647
912
612
917
398
10
216
129
760
453
565
648
80
721
720
365
1000
820
504
130
455
666
459
504
819
256
47
493
465
969
575
441
306
910
792
309
492
777
482
944
671
355
700
529
385
166
728
337
816
712
630
961
885
311
41
254
607
558
563
158
803
28
621
276
321
372
336
710
217
277
758
294
487
157
529
718
28
852
878
615
432
57
290
128
140
292
840
902
746
374
796
122
336
819
590
201
139
464
637
245
500
84
666
76
45
721
371
268
413
984
11
293
672
581
121
334
915
167
708
197
635
659
639
655
475
298
349
597
114
678
297
794
373
649
418
626
257
705
801
772
522
66
124
430
380
645
981
622
157
31
780
276
287
831
3
405
95
789
731
457
473
774
718
901
733
424
592
214
699
483
563
816
491
38
802
229
546
665
281
977
191
629
309
667
758
993
158
347
929
662
303
696
26
415
951
155
604
137
859
510
369
285
636
779
710
508
210
787
984
341
95
1
494
130
303
426
796
560
476
608
999
774
396
336
239
27
521
652
613
969
542
965
686
629
988
143
942
987
820
276
9
471
944
60
663
923
513
526
645
446
818
408
145
59
225
493
889
569
455
352
912
220
389
125
340
271
980
651
173
296
861
25
809
943
272
93
688
105
202
791
487
991
109
495
179
860
73
655
155
356
536
772
269
629
301
245
297
128
633
420
86
985
826
611
881
783
542
690
187
256
687
621
406
960
272
979
698
392
725
907
222
486
911
553
434
736
356
927
939
446
138
158
969
768
20
298
867
168
439
276
262
246
926
942
80
721
119
87
346
344
93
759
414
89
539
999
975
930
674
621
646
302
622
3
463
547
773
997
647
744
561
874
758
805
655
828
781
967
711
639
328
741
592
31
308
208
147
822
482
397
444
365
465
236
577
839
51
108
105
738
541
626
814
560
951
201
51
931
288
417
350
128
713
975
660
722
289
237
434
504
17
873
789
916
725
18
230
88
745
18
313
108
489
889
135
969
400
205
178
47
147
181
584
387
84
571
191
602
652
548
515
282
640
70
389
882
206
765
320
379
75
843
393
993
861
739
165
525
741
907
213
239
65
749
742
3
380
272
845
518
695
308
822
568
193
143
366
184
771
575
468
845
403
854
591
574
60
946
414
433
810
549
417
959
805
696
89
912
791
191
731
113
483
726
928
861
308
781
731
531
706
615
633
807
338
600
490
131
960
322
605
840
276
783
613
737
705
381
812
994
463
856
288
432
349
67
113
442
830
612
856
186
121
222
19
920
837
335
787
339
277
637
687
661
495
337
911
371
74
482
44
520
87
202
56
663
834
231
906
914
209
1
152
115
69
618
336
311
898
379
234
633
345
100
396
444
828
199
817
48
69
24
807
325
470
774
752
177
178
496
838
233
223
272
557
288
764
552
904
470
268
978
541
873
871
998
245
86
387
899
683
914
71
983
703
781
823
478
115
368
480
490
317
132
989
70
887
510
6
746
392
707
898
223
239
47
972
610
961
405
340
958
225
283
334
361
506
786
883
786
435
740
750
347
74
615
35
331
307
691
87
190
520
860
892
349
957
216
452
465
493
54
935
666
791
880
598
996
817
730
982
704
855
576
54
76
593
191
796
745
578
636
478
713
382
949
21
412
551
177
804
908
856
597
770
552
429
903
676
760
122
87
237
138
80
375
410
249
628
988
672
579
688
157
858
955
184
169
141
284
891
203
358
621
760
32
972
123
422
471
718
769
346
705
924
357
65
350
746
461
782
434
571
391
438
159
949
903
469
621
498
784
625
236
145
427
864
829
810
807
261
132
368
894
13
889
89
355
233
617
0
981
219
4
694
417
705
26
469
479
170
225
15
332
181
136
960
988
3
134
871
151
673
812
200
517
901
798
298
676
140
112
415
633
534
388
46
873
543
733
580
628
101
579
351
501
33
886
187
240
596
48
684
710
204
914
885
191
594
593
877
88
787
676
75
881
174
751
974
455
188
260
185
28
520
804
811
2
779
89
842
402
326
526
830
384
16
493
108
213
367
282
57
132
913
980
676
200
823
20
107
933
623
526
9
174
843
697
29
510
108
858
163
823
620
776
914
533
246
987
41
203
663
300
15
15
137
778
728
982
618
157
916
615
799
570
529
748
514
21
257
25
483
232
672
901
163
696
757
810
768
658
632
683
356
668
116
977
252
374
296
206
983
913
750
275
823
704
745
661
337
421
529
789
259
636
421
464
34
96
481
206
862
708
230
911
690
643
521
475
322
842
481
181
288
552
87
297
415
852
974
560
504
958
841
192
860
359
708
330
349
683
4
853
448
758
837
199
491
104
813
50
245
606
885
863
482
804
259
251
923
994
115
860
554
214
479
382
603
29
760
365
792
757
248
362
256
740
705
972
187
827
633
672
348
128
402
222
547
998
616
112
843
925
94
213
288
110
979
411
951
686
813
763
778
595
880
764
433
153
545
976
281
613
477
421
949
620
628
975
603
912
342
706
192
810
632
314
142
978
726
789
454
0
822
395
64
663
936
490
164
432
2
378
370
209
207
402
675
365
290
265
118
432
685
872
960
106
303
662
392
509
960
242
924
632
541
507
858
718
869
307
160
901
645
537
182
414
728
323
233
119
375
81
65
507
780
532
591
496
364
13
981
761
720
867
391
260
283
175
853
657
671
985
420
707
56
398
520
673
957
968
263
504
930
536
791
856
950
688
346
734
125
258
858
926
920
645
890
288
851
343
794
110
159
335
727
893
614
167
566
351
593
635
117
890
720
99
932
990
475
439
948
856
629
317
219
39
748
339
39
549
699
687
55
195
112
613
778
928
250
356
862
885
67
8
496
622
853
955
47
335
365
7
313
708
255
690
550
973
981
333
539
401
716
237
951
380
46
837
371
359
440
780
465
724
969
172
533
796
70
827
714
929
342
788
481
505
491
37
360
366
246
486
708
864
118
825
901
746
77
972
600
960
118
842
632
874
437
57
775
861
557
395
378
722
248
771
263
287
545
768
768
313
913
